anomaly,time_est,eevp,votes_total,share_biden,share_trump,share_other,delta_votes,delta_biden,delta_trump,delta_other,note
false,2020-11-03 18:12:16,0,7987,0.297,0.684,0.018,7987,2372,5463,143,
false,2020-11-03 18:17:15,1,20679,0.298,0.683,0.018,12692,3790,8660,228,
false,2020-11-03 18:21:27,1,28938,0.32,0.662,0.018,8259,3097,5033,148,
false,2020-11-03 18:21:46,1,33917,0.314,0.667,0.018,4979,1389,3465,89,
false,2020-11-03 18:27:45,1,42979,0.315,0.665,0.02,9062,2888,5958,249,
false,2020-11-03 18:30:26,2,59440,0.314,0.667,0.018,16461,5125,11065,210,
false,2020-11-03 18:34:02,2,69896,0.309,0.672,0.018,10456,2933,7323,188,
false,2020-11-03 18:37:55,3,81051,0.313,0.669,0.018,11155,3771,7253,200,
false,2020-11-03 18:39:06,3,84990,0.312,0.67,0.018,3939,1147,2720,70,
false,2020-11-03 18:41:40,3,88386,0.312,0.669,0.018,3396,1059,2186,61,
false,2020-11-03 18:42:29,4,119881,0.34,0.641,0.018,31495,13183,17713,566,
false,2020-11-03 18:44:32,5,148381,0.353,0.627,0.02,28500,11618,16191,809,
false,2020-11-03 18:44:56,5,148541,0.353,0.628,0.019,160,56,248,-145,
false,2020-11-03 18:46:48,5,149884,0.351,0.629,0.02,1343,174,993,175,
false,2020-11-03 18:50:23,5,151436,0.35,0.63,0.02,1552,393,1127,31,
false,2020-11-03 18:50:53,5,160596,0.345,0.635,0.02,9160,2403,6573,183,
false,2020-11-03 18:51:23,6,172429,0.341,0.639,0.02,11833,3392,8203,236,
false,2020-11-03 18:51:44,6,172801,0.341,0.639,0.02,372,126,237,7,
false,2020-11-03 18:53:12,6,173673,0.34,0.64,0.02,872,123,730,17,
false,2020-11-03 18:54:39,6,174011,0.34,0.64,0.02,338,114,216,6,
false,2020-11-03 18:55:17,6,174368,0.34,0.64,0.02,357,121,228,7,
false,2020-11-03 18:55:35,6,187306,0.337,0.641,0.022,12938,3837,8467,633,
false,2020-11-03 18:55:47,7,202078,0.332,0.646,0.022,14772,3967,10479,324,
false,2020-11-03 18:59:52,7,229365,0.34,0.638,0.022,27287,10894,15792,600,
false,2020-11-03 19:00:58,7,230035,0.341,0.637,0.022,670,457,197,14,
false,2020-11-03 19:01:56,8,235494,0.339,0.639,0.022,5459,1390,3948,120,
false,2020-11-03 19:03:37,8,238029,0.337,0.641,0.022,2535,383,2095,55,
false,2020-11-03 19:05:26,8,239508,0.336,0.642,0.022,1479,258,1187,32,
false,2020-11-03 19:07:41,8,241340,0.335,0.642,0.022,1832,374,1176,40,
false,2020-11-03 19:08:06,8,242475,0.335,0.643,0.022,1135,380,971,24,
false,2020-11-03 19:08:45,8,243447,0.334,0.644,0.022,972,82,868,21,
false,2020-11-03 19:11:04,8,248602,0.331,0.647,0.022,5155,975,4065,113,
false,2020-11-03 19:11:35,8,256538,0.328,0.649,0.022,7936,1857,5647,174,
false,2020-11-03 19:13:09,9,261642,0.329,0.649,0.022,5104,1935,3312,112,
false,2020-11-03 19:13:37,9,290254,0.32,0.658,0.022,28612,6801,21181,629,
false,2020-11-03 19:13:44,10,298265,0.32,0.658,0.022,8011,2563,5271,176,
false,2020-11-03 19:14:25,10,300590,0.319,0.659,0.022,2325,443,1830,51,
false,2020-11-03 19:14:48,10,307713,0.317,0.662,0.02,7123,1656,5617,-458,
false,2020-11-03 19:15:46,10,311567,0.315,0.663,0.022,3854,598,2862,700,
false,2020-11-03 19:18:34,10,315235,0.313,0.665,0.022,3668,524,3062,80,
false,2020-11-03 19:19:00,10,317514,0.312,0.666,0.022,2279,395,1833,50,
false,2020-11-03 19:19:36,10,319063,0.311,0.667,0.022,1549,164,1350,34,
false,2020-11-03 19:20:51,10,319821,0.311,0.667,0.022,758,235,505,16,
false,2020-11-03 19:21:36,10,320297,0.311,0.667,0.022,476,148,317,10,
false,2020-11-03 19:24:55,10,321671,0.31,0.668,0.022,1374,105,1238,30,
false,2020-11-03 19:29:25,11,327050,0.309,0.669,0.022,5379,1340,3920,118,
false,2020-11-03 19:29:44,11,327927,0.309,0.669,0.022,877,270,586,19,
false,2020-11-03 19:29:54,11,345919,0.308,0.67,0.022,17992,5213,12382,395,
false,2020-11-03 19:30:12,11,346118,0.308,0.67,0.022,199,61,133,4,
false,2020-11-03 19:30:26,11,346185,0.308,0.67,0.022,67,20,44,1,
false,2020-11-03 19:30:57,12,359575,0.305,0.673,0.022,13390,3045,10050,294,
false,2020-11-03 19:33:06,12,360331,0.304,0.673,0.022,756,-129,508,16,
false,2020-11-03 19:34:35,12,362228,0.304,0.674,0.022,1897,576,1638,41,
false,2020-11-03 19:36:07,12,363089,0.303,0.675,0.022,861,-101,943,18,
false,2020-11-03 19:40:44,12,369414,0.302,0.676,0.022,6325,1547,4638,139,
false,2020-11-03 19:41:23,13,388308,0.312,0.666,0.022,18894,9589,8889,415,
false,2020-11-03 19:42:24,13,410747,0.317,0.662,0.02,22439,9054,13301,-327,
false,2020-11-03 19:43:06,13,413225,0.317,0.662,0.02,2478,785,1640,49,
false,2020-11-03 19:44:00,14,416244,0.316,0.663,0.02,3019,540,2414,60,
false,2020-11-03 19:44:05,14,417728,0.315,0.663,0.022,1484,51,983,865,
false,2020-11-03 19:44:42,14,418156,0.315,0.663,0.022,428,134,283,9,
false,2020-11-03 19:45:47,15,457076,0.325,0.653,0.022,38920,16830,21233,856,
false,2020-11-03 19:47:22,15,464153,0.323,0.656,0.02,7077,1371,6013,-772,
false,2020-11-03 19:47:40,15,466553,0.322,0.656,0.022,2400,308,1574,981,
false,2020-11-03 19:48:06,15,467687,0.321,0.657,0.022,1134,-102,1211,24,
false,2020-11-03 19:48:27,15,474731,0.319,0.659,0.022,7044,1311,5577,154,
false,2020-11-03 19:48:36,16,484173,0.319,0.659,0.022,9442,3011,6222,207,
false,2020-11-03 19:50:59,16,487222,0.319,0.66,0.02,3049,972,2496,-907,
false,2020-11-03 19:51:36,16,492321,0.317,0.661,0.022,5099,641,3857,1086,
false,2020-11-03 19:51:42,16,497967,0.315,0.663,0.022,5646,793,4727,124,
false,2020-11-03 19:53:00,17,507328,0.313,0.665,0.022,9361,1934,7220,205,
false,2020-11-03 19:53:13,17,512682,0.312,0.666,0.022,5354,1163,4073,117,
false,2020-11-03 19:54:48,17,514929,0.312,0.667,0.02,2247,701,2011,-980,
false,2020-11-03 19:55:34,17,518709,0.311,0.668,0.02,3780,660,3039,75,
false,2020-11-03 19:56:08,17,525138,0.308,0.671,0.02,6429,424,5869,128,
false,2020-11-03 19:57:55,17,526602,0.308,0.671,0.02,1464,450,982,29,
false,2020-11-03 19:59:31,17,529766,0.308,0.671,0.02,3164,974,2123,63,
false,2020-11-03 20:00:11,17,530905,0.307,0.672,0.02,1139,-180,1295,22,
false,2020-11-03 20:01:59,17,532986,0.307,0.672,0.02,2081,638,1398,41,
false,2020-11-03 20:02:13,17,534703,0.306,0.673,0.02,1717,-7,1688,34,
false,2020-11-03 20:03:00,18,543575,0.304,0.675,0.02,8872,1627,7058,177,
false,2020-11-03 20:05:35,18,556778,0.303,0.676,0.02,13203,3456,9468,264,
false,2020-11-03 20:06:49,19,571789,0.303,0.676,0.02,15011,4548,10147,300,
false,2020-11-03 20:06:56,19,572909,0.303,0.676,0.02,1120,339,757,22,
false,2020-11-03 20:07:35,19,583311,0.302,0.677,0.02,10402,2568,7615,208,
false,2020-11-03 20:07:57,23,701175,0.37,0.61,0.02,117864,83274,32815,2357,
false,2020-11-03 20:09:59,24,741266,0.362,0.618,0.02,40091,8903,30385,801,
false,2020-11-03 20:10:32,24,751442,0.36,0.619,0.021,10176,2180,7040,954,
false,2020-11-03 20:11:44,28,867841,0.395,0.586,0.019,116399,72278,43412,708,
false,2020-11-03 20:14:17,28,869183,0.394,0.587,0.019,1342,-339,1655,25,
false,2020-11-03 20:16:49,29,880261,0.392,0.589,0.019,11078,2604,8263,210,
false,2020-11-03 20:20:18,33,1005699,0.402,0.578,0.02,125438,59228,62820,3389,
false,2020-11-03 20:20:35,33,1014284,0.402,0.579,0.019,8585,3451,5976,-842,
false,2020-11-03 20:20:47,33,1018183,0.401,0.58,0.019,3899,549,3275,74,
false,2020-11-03 20:20:57,35,1074678,0.397,0.584,0.019,56495,18355,37065,1073,
false,2020-11-03 20:21:58,35,1079756,0.396,0.585,0.019,5078,936,4045,96,
false,2020-11-03 20:22:48,35,1081126,0.395,0.585,0.02,1370,-538,801,1107,
false,2020-11-03 20:23:19,35,1084056,0.395,0.586,0.019,2930,1157,2798,-1025,
false,2020-11-03 20:23:28,36,1093971,0.393,0.587,0.02,9915,1728,6904,1282,
false,2020-11-03 20:23:50,36,1098602,0.392,0.588,0.02,4631,721,3816,92,
false,2020-11-03 20:24:00,36,1105566,0.391,0.59,0.019,6964,1624,6305,-966,
false,2020-11-03 20:25:02,36,1120292,0.39,0.591,0.019,14726,4637,9808,279,
false,2020-11-03 20:25:20,37,1121720,0.39,0.591,0.019,1428,556,843,27,
false,2020-11-03 20:26:10,37,1123082,0.389,0.591,0.02,1362,-591,804,1148,
false,2020-11-03 20:26:51,37,1137575,0.387,0.593,0.02,14493,3362,10840,289,
false,2020-11-03 20:28:09,37,1138553,0.387,0.593,0.02,978,378,579,19,
false,2020-11-03 20:29:02,38,1154278,0.385,0.595,0.02,15725,3777,11633,314,
false,2020-11-03 20:29:17,38,1155388,0.385,0.595,0.02,1110,427,660,22,
false,2020-11-03 20:29:35,39,1184337,0.385,0.595,0.02,28949,11145,17224,578,
false,2020-11-03 20:30:07,40,1219368,0.392,0.589,0.019,35031,22022,13527,-518,
false,2020-11-03 20:30:22,40,1222543,0.391,0.589,0.02,3175,22,1870,1282,
false,2020-11-03 20:32:46,40,1223054,0.391,0.589,0.02,511,199,300,10,
false,2020-11-03 20:32:53,40,1224161,0.391,0.59,0.019,1107,432,1876,-1202,
false,2020-11-03 20:34:26,40,1231763,0.389,0.591,0.02,7602,508,5716,1376,
false,2020-11-03 20:34:41,40,1234445,0.389,0.591,0.02,2682,1043,1585,53,
false,2020-11-03 20:36:18,41,1243593,0.387,0.593,0.02,9148,1071,7893,182,
false,2020-11-03 20:39:39,42,1297621,0.387,0.593,0.02,54028,20908,32038,1080,
false,2020-11-03 20:41:28,42,1302314,0.386,0.594,0.02,4693,513,4085,93,
false,2020-11-03 20:41:41,43,1306504,0.386,0.594,0.02,4190,1617,2488,83,
false,2020-11-03 20:42:13,44,1336585,0.388,0.592,0.02,30081,14284,15194,601,
false,2020-11-03 20:43:11,44,1337397,0.388,0.592,0.02,812,315,480,16,
false,2020-11-03 20:44:29,44,1345521,0.387,0.593,0.02,8124,1806,6154,162,
false,2020-11-03 20:45:53,44,1355043,0.387,0.593,0.02,9522,3685,5646,190,
false,2020-11-03 20:46:37,44,1356565,0.386,0.594,0.02,1522,-767,2259,30,
false,2020-11-03 20:46:56,45,1378967,0.384,0.596,0.02,22402,5889,16064,448,
false,2020-11-03 20:48:27,45,1380918,0.383,0.597,0.02,1951,-631,2543,39,
false,2020-11-03 20:49:46,45,1389309,0.383,0.597,0.02,8391,3213,5009,167,
false,2020-11-03 20:50:01,45,1392393,0.383,0.597,0.02,3084,1181,1841,61,
false,2020-11-03 20:50:24,45,1393850,0.383,0.597,0.02,1457,558,869,29,
false,2020-11-03 20:50:37,45,1396158,0.382,0.598,0.02,2308,-512,2774,46,
false,2020-11-03 20:53:06,46,1397719,0.382,0.598,0.02,1561,596,933,31,
false,2020-11-03 20:53:17,46,1397738,0.382,0.598,0.02,19,7,11,0,
false,2020-11-03 20:53:44,46,1403681,0.381,0.599,0.02,5943,866,4957,118,
false,2020-11-03 20:58:31,46,1404305,0.381,0.599,0.02,624,237,373,12,
false,2020-11-03 21:01:24,46,1406189,0.381,0.599,0.02,1884,717,1128,37,
false,2020-11-03 21:01:43,47,1434151,0.383,0.597,0.02,27962,13521,13880,559,
false,2020-11-03 21:04:55,49,1501717,0.378,0.601,0.021,67566,18369,46343,2853,
false,2020-11-03 21:05:21,49,1507001,0.377,0.602,0.021,5284,490,4682,110,
false,2020-11-03 21:07:40,49,1508053,0.377,0.602,0.021,1052,396,633,22,
false,2020-11-03 21:09:37,49,1508871,0.377,0.602,0.021,818,308,492,17,
false,2020-11-03 21:09:52,50,1521704,0.378,0.602,0.02,12833,6359,7725,-1252,
false,2020-11-03 21:11:22,50,1539333,0.377,0.602,0.021,17629,5124,10612,1891,
false,2020-11-03 21:15:25,51,1555498,0.376,0.604,0.02,16165,4538,12842,-1216,
false,2020-11-03 21:16:08,51,1555502,0.376,0.604,0.02,4,1,2,0,
false,2020-11-03 21:16:38,52,1585436,0.375,0.604,0.021,29934,9669,18080,2184,
false,2020-11-03 21:17:06,52,1586504,0.375,0.604,0.021,1068,400,645,22,
false,2020-11-03 21:22:05,54,1644084,0.376,0.603,0.021,57580,23236,33134,1209,
false,2020-11-03 21:23:27,54,1649337,0.376,0.604,0.02,5253,1975,4816,-1539,
false,2020-11-03 21:27:59,55,1689514,0.374,0.605,0.021,40177,11727,25956,2493,
false,2020-11-03 21:30:28,55,1690010,0.374,0.605,0.021,496,185,300,10,
false,2020-11-03 21:36:12,56,1718073,0.376,0.603,0.021,28063,13931,13541,589,
false,2020-11-03 21:36:30,56,1729055,0.375,0.604,0.021,10982,2400,8351,230,
false,2020-11-03 21:40:46,57,1736977,0.375,0.604,0.021,7922,2970,4784,166,
false,2020-11-03 21:42:32,57,1740480,0.375,0.604,0.021,3503,1313,2115,73,
false,2020-11-03 21:45:16,57,1745765,0.375,0.604,0.021,5285,1981,3192,110,
false,2020-11-03 21:46:01,57,1745768,0.375,0.604,0.021,3,1,1,0,
false,2020-11-03 21:49:41,57,1757439,0.376,0.603,0.021,11671,6134,5291,245,
false,2020-11-03 21:51:04,57,1764457,0.376,0.603,0.021,7018,2638,4231,147,
false,2020-11-03 22:05:43,58,1768594,0.375,0.604,0.021,4137,-213,4263,86,
false,2020-11-03 22:05:59,58,1790383,0.374,0.605,0.021,21789,6380,14950,457,
false,2020-11-03 22:20:54,58,1791562,0.374,0.605,0.021,1179,440,713,24,
false,2020-11-03 22:25:49,59,1798956,0.373,0.605,0.022,7394,966,4473,1954,
false,2020-11-03 22:27:15,59,1818973,0.372,0.607,0.021,20017,5647,15748,-1378,
false,2020-11-03 22:38:08,59,1826302,0.371,0.607,0.022,7329,900,4448,1980,
false,2020-11-03 22:58:55,60,1835412,0.371,0.608,0.021,9110,3379,7365,-1634,
false,2020-11-03 23:00:36,60,1852535,0.372,0.607,0.021,17123,8205,8558,359,
false,2020-11-03 23:01:28,61,1865148,0.372,0.606,0.022,12613,4692,5790,2130,
false,2020-11-03 23:01:59,61,1871210,0.372,0.606,0.022,6062,2255,3673,133,
false,2020-11-03 23:03:23,63,1922713,0.372,0.606,0.022,51503,19159,31210,1133,
false,2020-11-03 23:04:06,66,2017576,0.378,0.6,0.022,94863,47394,45381,2086,
false,2020-11-03 23:04:50,66,2017660,0.378,0.6,0.022,84,31,50,1,
false,2020-11-03 23:14:30,66,2029745,0.377,0.601,0.022,12085,2538,9280,265,
false,2020-11-03 23:14:45,66,2031553,0.377,0.601,0.022,1808,681,1086,39,
false,2020-11-03 23:17:50,66,2040439,0.377,0.602,0.021,8886,3350,7380,-1844,
false,2020-11-03 23:30:20,69,2113373,0.376,0.603,0.021,72934,25382,46019,1531,
false,2020-11-03 23:36:52,70,2143489,0.376,0.602,0.022,30116,11323,16016,2775,
false,2020-11-03 23:39:42,71,2180541,0.375,0.603,0.022,37052,11751,24485,815,
false,2020-11-03 23:47:57,71,2189605,0.375,0.604,0.021,9064,3399,7655,-1990,
false,2020-11-03 23:50:10,73,2237694,0.376,0.603,0.021,48089,20271,26808,1009,
false,2020-11-03 23:51:39,73,2237985,0.376,0.603,0.021,291,109,175,6,
false,2020-11-03 23:55:19,73,2247127,0.376,0.603,0.021,9142,3437,5512,191,
false,2020-11-04 00:06:30,73,2253254,0.376,0.602,0.022,6127,2303,1441,2381,
false,2020-11-04 00:28:18,74,2263151,0.375,0.603,0.022,9897,1458,8221,217,
false,2020-11-04 00:32:40,76,2329902,0.375,0.603,0.022,66751,25031,40250,1468,
false,2020-11-04 00:32:49,76,2329925,0.375,0.603,0.022,23,8,13,0,
false,2020-11-04 00:33:04,76,2334408,0.375,0.603,0.022,4483,1681,2703,98,
false,2020-11-04 00:36:23,80,2461328,0.387,0.591,0.022,126920,77130,46996,2792,
false,2020-11-04 00:56:33,80,2470929,0.386,0.591,0.023,9601,1244,5674,2682,
false,2020-11-04 01:03:01,81,2492218,0.385,0.592,0.023,21289,5725,15074,489,
false,2020-11-04 01:06:46,81,2500829,0.385,0.593,0.022,8611,3315,7598,-2302,
false,2020-11-04 01:36:34,82,2516993,0.384,0.593,0.023,16164,3706,9585,2872,
false,2020-11-04 02:09:48,83,2558127,0.385,0.593,0.022,41134,18353,24392,-1612,
false,2020-11-04 02:35:49,84,2568225,0.384,0.593,0.023,10098,1319,5988,2790,
false,2020-11-04 03:08:18,84,2580124,0.385,0.593,0.022,11899,7149,7056,-2306,
false,2020-11-04 03:37:47,84,2589777,0.383,0.594,0.023,9653,-1463,8314,2802,
false,2020-11-04 12:09:50,84,2589863,0.383,0.594,0.023,86,32,51,1,
false,2020-11-04 15:13:48,86,2652491,0.389,0.589,0.022,62628,39901,23938,-1212,
false,2020-11-04 16:21:50,86,2653090,0.389,0.589,0.022,599,233,352,13,
false,2020-11-04 17:29:48,88,2702127,0.392,0.586,0.022,49037,27181,20776,1078,
false,2020-11-05 10:59:33,91,2788556,0.401,0.577,0.022,86429,58977,25550,1901,
false,2020-11-05 11:09:44,92,2815982,0.403,0.576,0.021,27426,16629,13008,-2212,
false,2020-11-05 11:20:17,93,2843804,0.404,0.574,0.022,27822,14056,10337,3428,
false,2020-11-05 11:40:13,93,2860920,0.405,0.574,0.021,17116,9775,9824,-2484,
false,2020-11-05 11:52:32,93,2869891,0.406,0.573,0.021,8971,6503,2279,188,
false,2020-11-05 12:11:43,94,2897553,0.405,0.573,0.022,27662,8333,15850,3478,
false,2020-11-05 13:32:31,95,2902053,0.404,0.574,0.022,4500,-1079,5480,99,
false,2020-11-05 13:51:18,95,2931027,0.405,0.574,0.021,28974,14636,16631,-2293,
false,2020-11-05 14:29:39,95,2931827,0.405,0.574,0.021,800,324,459,16,
false,2020-11-05 14:32:32,96,2932435,0.405,0.574,0.021,608,246,348,12,
false,2020-11-05 15:12:37,96,2936969,0.405,0.574,0.021,4534,1836,2602,95,
false,2020-11-05 17:08:38,96,2947412,0.404,0.574,0.022,10443,1282,5994,3166,
false,2020-11-05 18:07:38,96,2959758,0.404,0.574,0.022,12346,4987,7086,271,
false,2020-11-06 08:38:18,97,2980281,0.404,0.574,0.022,20523,8291,11780,451,
false,2020-11-06 08:43:53,98,3009294,0.407,0.572,0.021,29013,20749,10634,-2371,
false,2020-11-06 09:01:44,98,3022673,0.408,0.57,0.022,13379,8467,1607,3303,
false,2020-11-06 09:08:15,98,3022676,0.408,0.57,0.022,3,1,1,0,
false,2020-11-06 09:08:34,99,3029572,0.409,0.57,0.021,6896,5843,3930,-2877,
false,2020-11-06 10:37:36,99,3029964,0.409,0.57,0.021,392,160,223,8,
false,2020-11-06 12:42:36,99,3030596,0.409,0.57,0.021,632,258,360,13,
false,2020-11-06 16:34:38,99,3031629,0.409,0.57,0.021,1033,422,588,21,
false,2020-11-09 12:06:41,99,3031726,0.409,0.57,0.021,97,39,55,2,
false,2020-11-09 14:05:26,99,3032025,0.409,0.57,0.021,299,122,170,6,
true,2020-11-11 09:42:33,99,3032024,0.409,0.57,0.021,-1,0,0,0,Total -1 votes
false,2020-11-12 10:05:45,99,3032778,0.409,0.57,0.021,754,308,429,15,
false,2020-11-12 12:04:50,99,3032812,0.409,0.57,0.021,34,13,19,0,
false,2020-11-12 16:05:46,99,3032815,0.409,0.57,0.021,3,1,1,0,
