time,eevp,votes_total,votes_delta,share_biden,share_trump,share_other,delta_biden,delta_trump,delta_other
2020-11-04T08:04:41Z,0,0,0,0,0,1,0,0,0
2020-11-04T03:13:02Z,0,375,375,0.333,0.651,0.016,124,244,6
2020-11-04T03:13:16Z,11,206786,206411,0.66,0.325,0.014,136353,66961,2889
2020-11-04T03:13:54Z,12,219444,12658,0.647,0.338,0.014,5501,6966,177
2020-11-04T03:14:10Z,12,222000,2556,0.644,0.341,0.014,987,1529,35
2020-11-04T03:17:36Z,14,262953,40953,0.629,0.357,0.014,22429,18172,573
2020-11-04T03:18:29Z,15,278859,15906,0.624,0.361,0.015,8610,6793,501
2020-11-04T03:21:30Z,15,280093,1234,0.623,0.362,0.015,489,725,18
2020-11-04T03:22:16Z,16,295154,15061,0.616,0.369,0.015,7316,7518,225
2020-11-04T03:22:32Z,16,295254,100,0.615,0.369,0.016,-233,36,296
2020-11-04T03:26:20Z,16,295770,516,0.615,0.37,0.015,317,486,-287
2020-11-04T03:26:41Z,18,336487,40717,0.619,0.366,0.015,26386,13719,610
2020-11-04T03:26:50Z,19,345932,9445,0.616,0.368,0.016,4808,4148,487
2020-11-04T03:27:41Z,19,347299,1367,0.615,0.369,0.016,494,850,21
2020-11-04T03:28:40Z,19,353528,6229,0.614,0.37,0.016,3477,2652,99
2020-11-04T03:30:28Z,20,356018,2490,0.613,0.372,0.015,1172,1633,-316
2020-11-04T03:31:28Z,20,361769,5751,0.61,0.375,0.015,2440,3224,86
2020-11-04T03:33:57Z,20,361804,35,0.609,0.375,0.016,-340,13,362
2020-11-04T03:34:12Z,20,363678,1874,0.608,0.377,0.015,777,1430,-333
2020-11-04T03:35:21Z,20,367914,4236,0.606,0.379,0.015,1839,2332,63
2020-11-04T03:35:45Z,20,368799,885,0.604,0.38,0.016,-201,704,382
2020-11-04T03:37:16Z,20,373518,4719,0.603,0.381,0.016,2476,2166,75
2020-11-04T03:38:07Z,23,420843,47325,0.587,0.397,0.016,21803,24764,757
2020-11-04T03:38:30Z,24,430245,9402,0.582,0.401,0.017,3367,5453,580
2020-11-04T03:38:51Z,24,434227,3982,0.579,0.405,0.016,1014,3333,-366
2020-11-04T03:39:18Z,25,461659,27432,0.575,0.408,0.017,14036,12494,900
2020-11-04T03:40:39Z,25,463460,1801,0.574,0.41,0.016,572,1661,-432
2020-11-04T03:41:51Z,40,733211,269751,0.569,0.412,0.019,151171,112064,6515
2020-11-04T03:44:43Z,41,743249,10038,0.568,0.413,0.019,4968,4878,190
2020-11-04T03:45:15Z,41,743258,9,0.568,0.413,0.019,5,3,0
2020-11-04T03:46:17Z,41,746945,3687,0.567,0.415,0.018,1347,3016,-676
2020-11-04T03:47:20Z,42,762234,15289,0.567,0.415,0.018,8668,6344,275
2020-11-04T03:47:58Z,42,768608,6374,0.565,0.417,0.018,2076,4182,114
2020-11-04T03:49:25Z,42,771315,2707,0.564,0.418,0.018,758,1900,48
2020-11-04T03:50:19Z,42,774239,2924,0.563,0.418,0.019,874,1222,826
2020-11-04T03:50:51Z,42,775405,1166,0.563,0.419,0.018,656,1262,-753
2020-11-04T03:52:00Z,42,775423,18,0.563,0.419,0.018,10,7,0
2020-11-04T03:53:19Z,43,776176,753,0.562,0.419,0.018,-352,315,13
2020-11-04T03:54:55Z,43,783679,7503,0.559,0.423,0.018,1865,6278,135
2020-11-04T03:56:27Z,43,784632,953,0.559,0.423,0.018,532,403,17
2020-11-04T03:57:58Z,43,785556,924,0.559,0.423,0.018,516,390,16
2020-11-04T03:58:32Z,44,799294,13738,0.556,0.426,0.018,5281,8209,247
2020-11-04T03:59:08Z,44,807291,7997,0.553,0.428,0.018,2024,5021,143
2020-11-04T03:59:40Z,45,817332,10041,0.552,0.43,0.018,4735,5932,180
2020-11-04T04:00:19Z,47,856182,38850,0.541,0.44,0.018,12027,25267,699
2020-11-04T04:02:54Z,47,857440,1258,0.541,0.441,0.018,680,1410,22
2020-11-04T04:03:17Z,47,860326,2886,0.54,0.441,0.018,701,1272,51
2020-11-04T04:03:25Z,48,878259,17933,0.535,0.447,0.018,5292,13178,322
2020-11-04T04:05:03Z,52,949873,71614,0.538,0.444,0.018,41163,29161,1289
2020-11-04T04:05:49Z,52,957816,7943,0.535,0.447,0.018,1399,6400,142
2020-11-04T04:06:34Z,53,962668,4852,0.535,0.447,0.018,2595,2168,87
2020-11-04T04:07:39Z,53,973916,11248,0.531,0.451,0.018,2122,8923,202
2020-11-04T04:10:51Z,56,1018223,44307,0.521,0.461,0.018,13344,30164,797
2020-11-04T04:11:17Z,56,1022044,3821,0.52,0.462,0.018,968,2783,68
2020-11-04T04:11:46Z,56,1025758,3714,0.52,0.462,0.018,1931,1715,66
2020-11-04T04:13:19Z,56,1030127,4369,0.518,0.464,0.018,211,4078,78
2020-11-04T04:14:31Z,56,1030132,5,0.518,0.464,0.018,2,2,0
2020-11-04T04:14:39Z,57,1040890,10758,0.516,0.465,0.018,3490,6032,193
2020-11-04T04:15:06Z,58,1055029,14139,0.513,0.469,0.018,4130,10794,254
2020-11-04T04:15:53Z,58,1055204,175,0.513,0.469,0.018,89,82,3
2020-11-04T04:16:16Z,58,1055679,475,0.513,0.469,0.018,243,222,8
2020-11-04T04:16:30Z,59,1070333,14654,0.51,0.471,0.019,4306,9013,1334
2020-11-04T04:17:33Z,59,1074429,4096,0.509,0.473,0.018,1014,4078,-996
2020-11-04T04:18:06Z,59,1074452,23,0.509,0.473,0.018,11,10,0
2020-11-04T04:18:53Z,59,1075943,1491,0.509,0.473,0.018,758,705,26
2020-11-04T04:19:23Z,59,1075992,49,0.509,0.473,0.018,24,23,0
2020-11-04T04:20:02Z,59,1077210,1218,0.508,0.473,0.019,-457,576,1099
2020-11-04T04:20:38Z,61,1108708,31498,0.505,0.477,0.018,12674,19333,-510
2020-11-04T04:21:07Z,62,1128412,19704,0.5,0.482,0.018,4308,15040,354
2020-11-04T04:21:13Z,62,1128532,120,0.5,0.482,0.018,60,57,2
2020-11-04T04:22:32Z,62,1128538,6,0.5,0.482,0.018,3,2,0
2020-11-04T04:22:59Z,62,1128558,20,0.5,0.482,0.018,10,9,0
2020-11-04T04:23:32Z,63,1148453,19895,0.496,0.486,0.018,5353,14183,358
2020-11-04T04:24:06Z,63,1148459,6,0.496,0.486,0.018,2,2,0
2020-11-04T04:24:22Z,64,1159874,11415,0.496,0.485,0.019,5661,4387,1365
2020-11-04T04:24:34Z,64,1171928,12054,0.495,0.487,0.018,4806,8190,-942
2020-11-04T04:25:20Z,64,1175328,3400,0.494,0.488,0.018,507,2831,61
2020-11-04T04:26:21Z,65,1182578,7250,0.493,0.489,0.018,2398,4720,130
2020-11-04T04:27:21Z,65,1182596,18,0.493,0.489,0.018,8,8,0
2020-11-04T04:27:55Z,65,1187650,5054,0.492,0.489,0.019,1303,2471,1278
2020-11-04T04:28:46Z,65,1192923,5273,0.491,0.49,0.019,1401,3771,100
2020-11-04T04:29:19Z,66,1204404,11481,0.489,0.493,0.018,3228,9238,-986
2020-11-04T04:29:35Z,66,1207727,3323,0.488,0.494,0.018,417,2845,59
2020-11-04T04:30:02Z,66,1210660,2933,0.487,0.494,0.019,220,1448,1263
2020-11-04T04:30:59Z,68,1246110,35450,0.483,0.499,0.018,12279,23742,-572
2020-11-04T04:31:42Z,68,1246167,57,0.483,0.499,0.018,27,28,1
2020-11-04T04:32:03Z,69,1254336,8169,0.482,0.499,0.019,2691,4076,1401
2020-11-04T04:32:27Z,69,1254362,26,0.482,0.499,0.019,12,12,0
2020-11-04T04:35:13Z,69,1263056,8694,0.481,0.5,0.019,2927,5601,165
2020-11-04T04:37:37Z,70,1271092,8036,0.48,0.501,0.019,2594,5289,152
2020-11-04T04:37:48Z,70,1277987,6895,0.478,0.503,0.019,753,6010,131
2020-11-04T04:38:07Z,70,1279408,1421,0.478,0.503,0.019,679,714,26
2020-11-04T04:39:03Z,70,1283310,3902,0.477,0.504,0.019,581,3246,74
2020-11-04T04:39:18Z,71,1295084,11774,0.475,0.506,0.019,3026,8524,223
2020-11-04T04:41:02Z,71,1301504,6420,0.475,0.506,0.019,3049,3248,121
2020-11-04T04:41:07Z,71,1301590,86,0.475,0.506,0.019,40,43,1
2020-11-04T04:41:48Z,71,1301602,12,0.475,0.506,0.019,5,6,0
2020-11-04T04:42:09Z,71,1302321,719,0.476,0.505,0.019,1643,-938,13
2020-11-04T04:43:48Z,71,1302381,60,0.476,0.505,0.019,28,30,1
2020-11-04T04:44:17Z,71,1303856,1475,0.476,0.505,0.019,702,744,28
2020-11-04T04:44:33Z,72,1317446,13590,0.474,0.507,0.019,3833,9497,258
2020-11-04T04:45:01Z,73,1338471,21025,0.472,0.509,0.019,7288,13336,399
2020-11-04T04:45:34Z,74,1345980,7509,0.471,0.511,0.018,2198,6514,-1203
2020-11-04T04:46:34Z,75,1377173,31193,0.468,0.513,0.018,10560,18693,561
2020-11-04T04:47:00Z,75,1377323,150,0.468,0.513,0.018,70,76,2
2020-11-04T04:47:09Z,76,1379584,2261,0.468,0.513,0.018,1058,1159,40
2020-11-04T04:47:38Z,76,1379604,20,0.468,0.513,0.018,9,10,0
2020-11-04T04:48:54Z,76,1379628,24,0.468,0.513,0.018,11,12,0
2020-11-04T04:49:49Z,76,1385196,5568,0.468,0.513,0.018,2605,2856,100
2020-11-04T04:50:03Z,76,1387467,2271,0.467,0.514,0.018,-324,2552,40
2020-11-04T04:50:40Z,78,1430868,43401,0.466,0.515,0.018,18837,23738,781
2020-11-04T04:51:18Z,79,1435819,4951,0.466,0.515,0.018,2307,2549,89
2020-11-04T04:51:53Z,79,1439717,3898,0.465,0.516,0.018,376,3447,70
2020-11-04T04:52:36Z,79,1445824,6107,0.464,0.517,0.018,1393,4597,109
2020-11-04T04:53:24Z,79,1445882,58,0.464,0.517,0.018,26,29,1
2020-11-04T04:58:57Z,80,1452487,6605,0.464,0.518,0.018,3064,4867,118
2020-11-04T04:59:12Z,80,1452843,356,0.464,0.518,0.018,165,184,6
2020-11-04T04:59:51Z,80,1455275,2432,0.463,0.518,0.018,-326,1259,43
2020-11-04T05:00:50Z,81,1479740,24465,0.459,0.522,0.018,5408,18591,440
2020-11-04T05:01:41Z,81,1480342,602,0.459,0.522,0.018,276,314,10
2020-11-04T05:01:59Z,81,1481030,688,0.459,0.522,0.018,315,359,12
2020-11-04T05:03:28Z,81,1485996,4966,0.459,0.522,0.018,2279,2592,89
2020-11-04T05:03:54Z,81,1486924,928,0.459,0.523,0.018,425,1971,16
2020-11-04T05:05:11Z,82,1488038,1114,0.458,0.523,0.018,-976,582,20
2020-11-04T05:08:03Z,83,1509680,21642,0.457,0.524,0.018,8402,12828,389
2020-11-04T05:09:28Z,83,1514011,4331,0.457,0.525,0.018,1979,3783,77
2020-11-04T05:09:41Z,83,1521240,7229,0.456,0.525,0.018,1782,3795,130
2020-11-04T05:10:48Z,84,1532820,11580,0.46,0.522,0.018,11411,1481,208
2020-11-04T05:10:57Z,84,1532861,41,0.46,0.522,0.018,18,21,0
2020-11-04T05:11:33Z,84,1534000,1139,0.459,0.522,0.018,-1010,594,20
2020-11-04T05:14:00Z,84,1538813,4813,0.459,0.522,0.018,2209,2512,86
2020-11-04T05:14:45Z,84,1539185,372,0.459,0.522,0.018,170,194,6
2020-11-04T05:16:44Z,85,1543675,4490,0.458,0.523,0.018,517,3887,80
2020-11-04T05:17:51Z,85,1544446,771,0.458,0.523,0.018,353,403,13
2020-11-04T05:18:01Z,86,1569289,24843,0.456,0.525,0.018,8239,16131,447
2020-11-04T05:18:27Z,86,1569296,7,0.456,0.525,0.018,3,3,0
2020-11-04T05:19:29Z,86,1570162,866,0.456,0.525,0.018,394,454,15
2020-11-04T05:19:36Z,86,1570459,297,0.456,0.525,0.018,135,155,5
2020-11-04T05:20:22Z,86,1574814,4355,0.455,0.526,0.018,411,3861,78
2020-11-04T05:23:34Z,86,1575604,790,0.455,0.526,0.018,359,415,14
2020-11-04T05:24:10Z,87,1580915,5311,0.454,0.527,0.018,835,4374,95
2020-11-04T05:26:25Z,87,1590844,9929,0.453,0.528,0.018,2916,6823,178
2020-11-04T05:28:50Z,87,1590860,16,0.453,0.528,0.018,7,8,0
2020-11-04T05:28:59Z,87,1590874,14,0.453,0.528,0.018,6,7,0
2020-11-04T05:34:42Z,88,1597232,6358,0.454,0.527,0.018,4477,1759,114
2020-11-04T05:35:40Z,88,1598751,1519,0.454,0.527,0.018,689,800,27
2020-11-04T05:38:37Z,90,1649223,50472,0.457,0.523,0.02,27861,20001,4206
2020-11-04T05:43:27Z,90,1649225,2,0.457,0.523,0.02,0,1,0
2020-11-04T05:45:35Z,90,1649266,41,0.457,0.523,0.02,18,21,0
2020-11-04T05:47:36Z,91,1654052,4786,0.457,0.524,0.018,2187,4157,-3212
2020-11-04T05:53:35Z,91,1660751,6699,0.456,0.525,0.018,1400,5171,120
2020-11-04T05:58:51Z,92,1669884,9133,0.455,0.525,0.02,2494,4794,3504
2020-11-04T05:59:49Z,92,1673021,3137,0.455,0.526,0.018,1427,3319,-3283
2020-11-04T06:04:24Z,92,1673519,498,0.455,0.526,0.018,226,261,8
2020-11-04T06:13:23Z,92,1673715,196,0.455,0.526,0.018,89,103,3
2020-11-04T06:27:48Z,92,1677639,3924,0.454,0.526,0.02,107,2064,3425
2020-11-04T10:15:47Z,92,1686601,8962,0.454,0.527,0.018,4068,6400,-3193
2020-11-04T21:43:29Z,92,1686601,0,0.449,0.531,0.02,-8433,6746,3373
2020-11-04T21:45:47Z,92,1686617,16,0.449,0.531,0.02,7,8,0
2020-11-05T21:11:37Z,92,1686626,9,0.449,0.531,0.02,4,4,0
2020-11-05T22:08:38Z,92,1686671,45,0.449,0.531,0.02,20,23,0
2020-11-05T22:15:37Z,92,1686672,1,0.449,0.531,0.02,0,0,0
2020-11-05T22:56:36Z,92,1686724,52,0.449,0.531,0.02,23,27,1
2020-11-06T13:33:34Z,92,1686729,5,0.449,0.531,0.02,2,2,0
2020-11-06T14:42:41Z,92,1686747,18,0.449,0.531,0.02,8,9,0
2020-11-06T14:56:42Z,92,1686755,8,0.449,0.531,0.02,3,4,0
2020-11-06T15:57:46Z,92,1686757,2,0.449,0.531,0.02,0,1,0
2020-11-06T16:15:36Z,92,1686761,4,0.449,0.531,0.02,1,2,0
2020-11-06T16:26:37Z,92,1686784,23,0.449,0.531,0.02,10,12,0
2020-11-06T17:15:38Z,92,1686797,13,0.449,0.531,0.02,5,6,0
2020-11-06T17:23:37Z,92,1686813,16,0.449,0.531,0.02,7,8,0
2020-11-06T17:54:37Z,92,1686816,3,0.449,0.531,0.02,1,1,0
2020-11-06T18:35:37Z,92,1686824,8,0.449,0.531,0.02,3,4,0
2020-11-06T19:57:36Z,92,1686825,1,0.449,0.531,0.02,0,0,0
2020-11-06T21:24:39Z,92,1686826,1,0.449,0.531,0.02,0,0,0
2020-11-06T22:13:28Z,92,1686951,125,0.449,0.531,0.02,56,66,2
2020-11-06T22:17:02Z,92,1686959,8,0.449,0.531,0.02,3,4,0
2020-11-06T22:26:38Z,92,1686968,9,0.449,0.531,0.02,4,4,0
2020-11-07T20:13:57Z,92,1686491,-477,0.449,0.531,0.02,-214,-253,-9
2020-11-08T16:21:48Z,98,1686491,0,0.449,0.531,0.02,0,0,0
2020-11-09T13:26:58Z,98,1686492,1,0.449,0.531,0.02,0,0,0
2020-11-09T13:35:11Z,98,1686541,49,0.449,0.531,0.02,22,26,0
2020-11-09T13:37:56Z,98,1686591,50,0.449,0.531,0.02,22,26,1
2020-11-09T14:00:45Z,98,1686620,29,0.449,0.531,0.02,13,15,0
2020-11-09T16:35:38Z,98,1686621,1,0.449,0.531,0.02,0,0,0
2020-11-09T16:43:37Z,98,1686624,3,0.449,0.531,0.02,1,1,0
2020-11-09T16:52:37Z,98,1686642,18,0.449,0.531,0.02,8,9,0
2020-11-09T16:53:37Z,98,1686648,6,0.449,0.531,0.02,2,3,0
2020-11-09T17:04:37Z,98,1686655,7,0.449,0.531,0.02,3,3,0
2020-11-09T17:16:37Z,98,1686663,8,0.449,0.531,0.02,3,4,0
2020-11-09T17:22:37Z,98,1686669,6,0.449,0.531,0.02,2,3,0
2020-11-09T18:09:37Z,98,1686671,2,0.449,0.531,0.02,0,1,0
2020-11-09T18:37:37Z,98,1686673,2,0.449,0.531,0.02,0,1,0
2020-11-09T18:42:36Z,98,1686678,5,0.449,0.531,0.02,2,2,0
2020-11-09T20:12:39Z,98,1686713,35,0.449,0.531,0.02,15,18,0
2020-11-09T20:26:37Z,98,1686731,18,0.449,0.531,0.02,8,9,0
2020-11-09T20:30:39Z,98,1686736,5,0.449,0.531,0.02,2,2,0
2020-11-09T20:32:39Z,98,1686743,7,0.449,0.531,0.02,3,3,0
2020-11-09T20:43:38Z,98,1686791,48,0.449,0.531,0.02,21,25,0
2020-11-09T20:47:37Z,98,1686811,20,0.449,0.531,0.02,8,10,0
2020-11-09T21:00:42Z,98,1686820,9,0.449,0.531,0.02,4,4,0
2020-11-09T21:01:37Z,98,1686823,3,0.449,0.531,0.02,1,1,0
2020-11-09T22:03:38Z,98,1686843,20,0.449,0.531,0.02,8,10,0
2020-11-09T22:21:36Z,98,1686855,12,0.449,0.531,0.02,5,6,0
2020-11-09T22:42:40Z,98,1686861,6,0.449,0.531,0.02,2,3,0
2020-11-09T22:51:38Z,98,1686869,8,0.449,0.531,0.02,3,4,0
2020-11-09T23:24:37Z,98,1686882,13,0.449,0.531,0.02,5,6,0
2020-11-09T23:38:38Z,98,1686889,7,0.449,0.531,0.02,3,3,0
2020-11-09T23:40:38Z,98,1686892,3,0.449,0.531,0.02,1,1,0
2020-11-10T13:09:44Z,98,1686921,29,0.449,0.531,0.02,13,15,0
2020-11-10T14:29:45Z,98,1686936,15,0.449,0.531,0.02,6,7,0
2020-11-10T14:30:44Z,98,1686942,6,0.449,0.531,0.02,2,3,0
2020-11-10T14:51:44Z,98,1686945,3,0.449,0.531,0.02,1,1,0
2020-11-10T16:24:44Z,98,1686949,4,0.449,0.531,0.02,1,2,0
2020-11-10T16:38:50Z,98,1686984,35,0.449,0.531,0.02,15,18,0
2020-11-10T17:03:45Z,98,1686990,6,0.449,0.531,0.02,2,3,0
2020-11-10T17:51:45Z,98,1687003,13,0.449,0.531,0.02,5,6,0
2020-11-10T18:06:45Z,98,1687047,44,0.449,0.531,0.02,19,23,0
2020-11-10T18:16:49Z,98,1687049,2,0.449,0.531,0.02,0,1,0
2020-11-10T18:28:41Z,98,1687380,331,0.449,0.531,0.02,148,175,6
2020-11-10T18:37:46Z,98,1687515,135,0.449,0.531,0.02,60,71,2
2020-11-10T19:20:45Z,98,1687526,11,0.449,0.531,0.02,4,5,0
2020-11-10T19:29:48Z,98,1687529,3,0.449,0.531,0.02,1,1,0
2020-11-10T20:04:46Z,98,1687550,21,0.449,0.531,0.02,9,11,0
2020-11-10T20:10:46Z,98,1687559,9,0.449,0.531,0.02,4,4,0
2020-11-10T20:28:49Z,98,1687561,2,0.449,0.531,0.02,0,1,0
2020-11-10T21:26:48Z,98,1687566,5,0.449,0.531,0.02,2,2,0
2020-11-10T21:42:45Z,98,1687603,37,0.449,0.531,0.02,16,19,0
2020-11-10T21:50:45Z,98,1687621,18,0.449,0.531,0.02,8,9,0
2020-11-10T22:56:49Z,98,1687636,15,0.449,0.531,0.02,6,7,0
2020-11-11T00:17:45Z,98,1687694,58,0.449,0.532,0.018,26,1718,-3374
2020-11-11T14:41:08Z,98,1687699,5,0.449,0.531,0.02,2,-1685,3375
2020-11-11T14:53:40Z,98,1687692,-7,0.449,0.531,0.02,-3,-3,0
2020-11-12T18:55:49Z,98,1687861,169,0.449,0.532,0.018,75,1777,-3372
2020-11-12T20:22:48Z,98,1687871,10,0.449,0.532,0.018,4,5,0
