anomaly,time_est,eevp,votes_total,share_biden,share_trump,share_other,delta_votes,delta_biden,delta_trump,delta_other,note
false,2020-11-03 19:13:12,0,437,0.295,0.705,0,437,128,308,0,
false,2020-11-03 19:14:44,0,694,0.396,0.604,0,257,145,111,0,
false,2020-11-03 19:16:15,0,1919,0.287,0.713,0,1225,275,949,0,
false,2020-11-03 19:16:31,0,2171,0.344,0.656,0,252,196,55,0,
false,2020-11-03 19:18:24,0,2596,0.367,0.633,0,425,205,219,0,
false,2020-11-03 19:22:53,0,3266,0.336,0.664,0,670,144,525,0,
false,2020-11-03 19:24:07,0,3568,0.328,0.672,0,302,72,229,0,
false,2020-11-03 19:25:48,0,5139,0.296,0.704,0,1571,350,1220,0,
false,2020-11-03 19:26:01,0,5955,0.324,0.676,0,816,408,407,0,
false,2020-11-03 19:27:06,0,7190,0.296,0.704,0,1235,198,1036,0,
false,2020-11-03 19:29:06,0,7940,0.296,0.704,0,750,222,528,0,
false,2020-11-03 19:31:28,0,8529,0.287,0.713,0,589,97,491,0,
false,2020-11-03 19:32:07,0,10041,0.296,0.704,0,1512,524,987,0,
false,2020-11-03 19:32:39,0,11385,0.327,0.672,0,1344,750,581,0,
false,2020-11-03 19:33:53,0,11647,0.33,0.669,0,262,120,141,0,
false,2020-11-03 19:35:17,1,13346,0.351,0.648,0.001,1699,840,856,13,
false,2020-11-03 19:37:55,1,13971,0.352,0.648,0,625,233,405,-13,
false,2020-11-03 19:39:05,1,18067,0.351,0.647,0.002,4096,1423,2636,36,
false,2020-11-03 19:40:59,1,26352,0.434,0.562,0.004,8285,5095,3120,69,
false,2020-11-03 19:41:20,1,26483,0.434,0.562,0.004,131,56,73,0,
false,2020-11-03 19:42:03,1,26751,0.433,0.563,0.004,268,89,177,1,
false,2020-11-03 19:47:41,1,33832,0.435,0.559,0.006,7081,3133,3851,95,
false,2020-11-03 19:51:56,1,33986,0.436,0.559,0.004,154,100,86,-67,
false,2020-11-03 19:53:56,3,79291,0.528,0.462,0.01,45305,27047,17634,656,
false,2020-11-03 19:57:59,3,79742,0.527,0.464,0.008,451,158,367,-154,
false,2020-11-03 19:58:36,3,84566,0.538,0.452,0.01,4824,3472,1223,207,
false,2020-11-03 19:59:15,3,87758,0.54,0.45,0.01,3192,1892,1267,31,
false,2020-11-03 20:00:15,4,89718,0.54,0.451,0.008,1960,1058,971,-159,
false,2020-11-03 20:01:03,4,96514,0.55,0.441,0.008,6796,4634,2099,54,
false,2020-11-03 20:03:35,5,114078,0.532,0.458,0.01,17564,7606,9685,368,
false,2020-11-03 20:06:02,5,121134,0.526,0.465,0.008,7056,3026,4079,-171,
false,2020-11-03 20:07:41,5,122180,0.523,0.467,0.01,1046,183,730,252,
false,2020-11-03 20:09:21,5,128792,0.522,0.468,0.01,6612,3329,3216,66,
false,2020-11-03 20:10:16,6,139206,0.537,0.453,0.01,10414,7524,2785,104,
false,2020-11-03 20:13:15,6,147392,0.537,0.449,0.014,8186,4395,3118,671,
false,2020-11-03 20:13:58,7,169487,0.527,0.46,0.012,22095,10170,11785,-29,
false,2020-11-03 20:14:21,8,191945,0.524,0.463,0.012,22458,11259,10906,269,
false,2020-11-03 20:16:18,8,193190,0.523,0.464,0.012,1245,459,769,14,
false,2020-11-03 20:18:41,8,198551,0.519,0.468,0.012,5361,2009,3281,64,
false,2020-11-03 20:22:08,8,200700,0.518,0.47,0.012,2149,914,1407,25,
false,2020-11-03 20:22:47,8,211642,0.512,0.476,0.012,10942,4398,6412,131,
false,2020-11-03 20:23:59,9,217127,0.508,0.479,0.013,5485,1939,3262,282,
false,2020-11-03 20:25:54,9,220079,0.509,0.479,0.012,2952,1719,1414,-181,
false,2020-11-03 20:29:13,9,222165,0.509,0.479,0.012,2086,1061,999,25,
false,2020-11-03 20:29:47,9,225407,0.505,0.482,0.013,3242,748,2229,264,
false,2020-11-03 20:30:13,9,232206,0.51,0.478,0.012,6799,4594,2348,-143,
false,2020-11-03 20:31:46,9,236247,0.505,0.482,0.013,4041,879,2876,284,
false,2020-11-03 20:31:46,9,236247,0.505,0.482,0.013,0,0,0,0,
false,2020-11-03 20:33:23,9,237116,0.506,0.482,0.012,869,675,418,-225,
false,2020-11-03 20:42:21,10,249989,0.513,0.475,0.012,12873,8263,4454,154,
false,2020-11-03 20:44:31,15,376465,0.474,0.513,0.013,126476,50200,74381,1894,
false,2020-11-03 20:44:55,15,382590,0.469,0.518,0.013,6125,990,5055,79,
false,2020-11-03 20:47:57,15,389491,0.467,0.52,0.012,6901,2457,4353,-299,
false,2020-11-03 20:49:58,15,390347,0.466,0.521,0.012,856,9,835,10,
true,2020-11-03 20:52:03,16,391495,0.471,0.517,0.012,1148,2492,-967,13,Trump -967 votes
false,2020-11-03 20:57:01,17,434993,0.462,0.525,0.012,43498,16572,25968,521,
false,2020-11-03 20:57:44,17,440233,0.459,0.528,0.012,5240,1100,4071,62,
false,2020-11-03 20:58:39,18,445928,0.46,0.528,0.012,5695,3059,3006,68,
false,2020-11-03 21:02:08,20,515612,0.446,0.541,0.012,69684,24836,43496,836,
false,2020-11-03 21:03:55,21,524306,0.443,0.545,0.012,8694,2304,6800,104,
false,2020-11-03 21:08:03,21,533577,0.442,0.545,0.012,9271,3573,5052,111,
false,2020-11-03 21:10:05,22,558966,0.433,0.554,0.012,25389,6191,18867,304,
false,2020-11-03 21:12:42,24,597316,0.437,0.55,0.012,38350,18994,18856,460,
false,2020-11-03 21:12:51,24,605039,0.435,0.552,0.012,7723,2164,5457,92,
false,2020-11-03 21:13:04,24,606827,0.435,0.552,0.012,1788,777,986,21,
false,2020-11-03 21:13:20,24,617211,0.431,0.556,0.012,10384,2048,8200,124,
false,2020-11-03 21:16:24,25,619984,0.431,0.556,0.012,2773,1195,1541,33,
false,2020-11-03 21:16:50,25,627542,0.43,0.558,0.012,7558,2629,5457,90,
false,2020-11-03 21:22:26,27,669341,0.424,0.563,0.013,41799,13957,26670,1170,
false,2020-11-03 21:24:20,27,690142,0.424,0.563,0.013,20801,8819,11710,270,
false,2020-11-03 21:25:29,28,711525,0.424,0.563,0.013,21383,9066,12038,277,
false,2020-11-03 21:26:59,29,733938,0.423,0.564,0.013,22413,8769,13352,291,
false,2020-11-03 21:31:07,31,776483,0.425,0.562,0.012,42545,19549,22442,-223,
false,2020-11-03 21:32:15,31,778042,0.425,0.562,0.012,1559,662,876,18,
false,2020-11-03 21:34:42,31,787316,0.425,0.562,0.012,9274,3941,5211,111,
false,2020-11-03 21:37:15,32,818209,0.432,0.555,0.012,30893,18856,11634,370,
false,2020-11-03 21:37:33,32,818397,0.432,0.555,0.012,188,81,104,2,
false,2020-11-03 21:39:17,33,822163,0.432,0.555,0.012,3766,1626,2090,45,
false,2020-11-03 21:40:36,33,828866,0.432,0.555,0.012,6703,2895,3720,80,
false,2020-11-03 21:41:04,33,831772,0.431,0.556,0.012,2906,423,2444,34,
false,2020-11-03 21:42:30,38,949600,0.433,0.554,0.012,117828,52683,63613,1413,
false,2020-11-03 21:44:50,38,960528,0.434,0.553,0.012,10928,5692,5093,131,
false,2020-11-03 21:52:08,38,965848,0.435,0.552,0.012,5320,3274,1976,63,
false,2020-11-03 21:55:06,39,973601,0.434,0.553,0.012,7753,2398,5253,93,
false,2020-11-03 21:57:49,39,981302,0.433,0.553,0.014,7701,2360,4258,2055,
false,2020-11-03 21:59:11,39,982916,0.434,0.553,0.012,1614,1681,892,-1943,
false,2020-11-03 22:05:02,39,985057,0.434,0.553,0.012,2141,929,1183,25,
false,2020-11-03 22:05:34,39,992085,0.433,0.554,0.012,7028,2058,4878,84,
false,2020-11-03 22:08:46,40,1011932,0.428,0.558,0.014,19847,3534,15042,2262,
false,2020-11-03 22:09:25,40,1013102,0.428,0.558,0.014,1170,500,652,16,
false,2020-11-03 22:13:02,42,1052820,0.425,0.562,0.012,39718,13840,26373,-1549,
false,2020-11-03 22:20:49,43,1077304,0.423,0.563,0.014,24484,8251,14837,2448,
false,2020-11-03 22:21:02,45,1147948,0.42,0.567,0.013,70644,26438,44364,-158,
false,2020-11-03 22:25:42,46,1170871,0.417,0.569,0.014,22923,6115,15339,1468,
false,2020-11-03 22:30:19,47,1197037,0.419,0.566,0.015,26166,13305,11297,1563,
false,2020-11-03 22:31:51,48,1205314,0.419,0.567,0.014,8277,3468,5890,-1081,
false,2020-11-03 22:37:56,53,1326171,0.422,0.564,0.014,120857,54617,64547,1691,
false,2020-11-03 22:39:40,53,1326171,0.422,0.565,0.013,0,0,1326,-1326,
false,2020-11-03 22:40:22,53,1350236,0.42,0.566,0.014,24065,7454,14946,1663,
false,2020-11-03 22:43:21,55,1385896,0.414,0.572,0.014,35660,6661,28498,499,
false,2020-11-03 22:48:07,55,1394029,0.414,0.572,0.014,8133,3367,4652,113,
false,2020-11-03 22:55:22,56,1418086,0.413,0.573,0.014,24057,8541,15178,336,
false,2020-11-03 23:05:31,57,1432294,0.413,0.573,0.014,14208,5867,8141,198,
false,2020-11-03 23:12:41,57,1432688,0.413,0.574,0.013,394,162,1658,-1427,
false,2020-11-03 23:15:47,58,1455192,0.411,0.575,0.014,22504,6383,14372,1747,
false,2020-11-03 23:19:42,58,1455453,0.411,0.575,0.014,261,107,150,3,
false,2020-11-03 23:21:43,58,1455613,0.411,0.575,0.014,160,65,92,2,
false,2020-11-03 23:30:34,58,1457129,0.411,0.575,0.014,1516,623,871,21,
false,2020-11-03 23:32:13,63,1586290,0.411,0.575,0.014,129161,53085,74267,1808,
false,2020-11-03 23:47:46,64,1605971,0.409,0.577,0.014,19681,4876,14528,275,
false,2020-11-04 00:08:41,67,1698790,0.404,0.582,0.014,92819,29469,62050,1299,
false,2020-11-04 00:24:25,67,1699335,0.404,0.582,0.014,545,220,317,7,
false,2020-11-04 00:24:32,67,1702445,0.405,0.581,0.014,3110,2958,107,43,
false,2020-11-04 00:34:05,68,1715440,0.405,0.581,0.014,12995,5262,7550,181,
false,2020-11-04 00:39:35,68,1720400,0.404,0.582,0.014,4960,288,4602,69,
false,2020-11-04 00:44:18,68,1720780,0.404,0.582,0.014,380,153,221,5,
false,2020-11-04 00:51:18,70,1771976,0.401,0.585,0.014,51196,15367,35112,716,
false,2020-11-04 00:53:22,71,1794115,0.4,0.585,0.015,22139,7083,12951,2104,
false,2020-11-04 01:24:53,74,1856133,0.397,0.589,0.014,62018,19238,43705,-925,
false,2020-11-04 01:31:52,74,1878661,0.398,0.588,0.014,22528,10822,11390,315,
false,2020-11-04 01:39:51,76,1909438,0.4,0.585,0.015,30777,16068,12368,2340,
false,2020-11-04 02:28:52,80,2027461,0.409,0.576,0.015,118023,65456,50796,1770,
false,2020-11-04 02:31:29,83,2100216,0.417,0.569,0.014,72755,46558,27205,-1008,
false,2020-11-04 03:07:52,85,2146588,0.422,0.564,0.014,46372,30070,15652,649,
false,2020-11-04 06:28:51,90,2273778,0.415,0.57,0.015,127190,37757,85377,4054,
false,2020-11-04 07:16:50,91,2294642,0.415,0.57,0.015,20864,8658,11892,312,
false,2020-11-04 10:26:52,91,2299689,0.415,0.57,0.015,5047,2094,2876,75,
false,2020-11-04 11:39:50,91,2299815,0.415,0.57,0.015,126,52,71,1,
false,2020-11-04 11:56:34,95,2396380,0.428,0.557,0.014,96565,71227,23889,-947,
false,2020-11-04 12:38:50,95,2396921,0.428,0.557,0.014,541,231,301,7,
false,2020-11-04 13:32:00,95,2397442,0.428,0.557,0.014,521,222,290,7,
false,2020-11-04 14:02:57,96,2423152,0.429,0.556,0.014,25710,13427,11897,359,
false,2020-11-04 14:17:50,96,2423505,0.429,0.556,0.014,353,151,196,4,
false,2020-11-04 16:07:52,96,2424378,0.429,0.556,0.014,873,374,485,12,
false,2020-11-04 18:05:50,96,2426043,0.429,0.556,0.014,1665,714,925,23,
false,2020-11-04 19:58:51,97,2437284,0.43,0.556,0.014,11241,7259,6249,157,
false,2020-11-04 20:13:18,97,2460155,0.432,0.553,0.014,22871,14754,5335,320,
false,2020-11-04 20:25:50,97,2461757,0.432,0.553,0.014,1602,692,885,22,
false,2020-11-04 20:39:50,98,2462431,0.432,0.553,0.014,674,291,372,9,
false,2020-11-04 22:11:43,98,2463268,0.432,0.553,0.014,837,361,462,11,
false,2020-11-05 00:11:44,98,2464656,0.433,0.553,0.014,1388,3064,767,19,
false,2020-11-05 08:15:54,98,2466074,0.433,0.553,0.014,1418,613,784,19,
false,2020-11-05 10:14:45,98,2466654,0.433,0.553,0.014,580,251,320,8,
false,2020-11-05 12:05:53,98,2467841,0.433,0.552,0.014,1187,513,-1811,16,
false,2020-11-05 14:03:49,98,2469260,0.433,0.552,0.014,1419,614,783,19,
false,2020-11-05 16:06:42,98,2471295,0.433,0.552,0.014,2035,881,1123,28,
false,2020-11-05 16:11:39,98,2471983,0.433,0.552,0.014,688,297,379,9,
false,2020-11-05 17:00:39,99,2504233,0.435,0.551,0.014,32250,18972,15297,451,
false,2020-11-05 17:40:40,99,2504235,0.435,0.551,0.014,2,0,1,0,
false,2020-11-06 10:16:39,99,2504236,0.435,0.551,0.014,1,0,0,0,
false,2020-11-06 10:26:40,99,2504238,0.435,0.551,0.014,2,0,1,0,
false,2020-11-06 10:57:39,99,2504246,0.435,0.551,0.014,8,3,4,0,
false,2020-11-06 11:08:39,99,2504252,0.435,0.551,0.014,6,2,3,0,
false,2020-11-06 11:28:40,99,2504254,0.435,0.551,0.014,2,0,1,0,
false,2020-11-06 11:42:39,99,2504311,0.435,0.551,0.014,57,24,31,0,
false,2020-11-06 11:43:38,99,2504357,0.435,0.551,0.014,46,20,25,0,
false,2020-11-06 12:04:38,99,2504433,0.435,0.551,0.014,76,33,41,1,
false,2020-11-06 12:25:38,99,2504488,0.435,0.551,0.014,55,23,30,0,
false,2020-11-06 12:29:38,99,2504504,0.435,0.551,0.014,16,6,8,0,
false,2020-11-06 12:31:39,99,2504509,0.435,0.551,0.014,5,2,2,0,
false,2020-11-06 12:33:39,99,2504529,0.435,0.551,0.014,20,8,11,0,
false,2020-11-06 12:36:38,99,2504649,0.435,0.551,0.014,120,52,66,1,
false,2020-11-06 12:37:39,99,2504651,0.435,0.551,0.014,2,0,1,0,
false,2020-11-06 13:04:38,99,2504673,0.435,0.551,0.014,22,9,12,0,
false,2020-11-06 13:05:38,99,2504716,0.435,0.551,0.014,43,18,23,0,
false,2020-11-06 13:08:38,99,2504724,0.435,0.551,0.014,8,3,4,0,
false,2020-11-06 13:12:39,99,2505124,0.435,0.551,0.014,400,174,220,5,
false,2020-11-06 13:14:40,99,2505146,0.435,0.551,0.014,22,9,12,0,
false,2020-11-06 13:38:38,99,2505477,0.435,0.551,0.014,331,143,182,4,
false,2020-11-06 13:42:37,99,2505482,0.435,0.551,0.014,5,2,2,0,
false,2020-11-06 13:43:38,99,2505693,0.435,0.551,0.014,211,91,116,2,
false,2020-11-06 13:45:39,99,2505876,0.435,0.551,0.014,183,79,100,2,
false,2020-11-06 14:03:39,99,2505971,0.435,0.551,0.014,95,41,52,1,
false,2020-11-06 14:04:38,99,2507085,0.435,0.551,0.014,1114,484,613,15,
false,2020-11-06 14:06:39,99,2508431,0.434,0.551,0.014,1346,-1922,741,18,
false,2020-11-06 14:24:39,99,2508519,0.434,0.551,0.014,88,38,48,1,
false,2020-11-06 14:28:40,99,2509286,0.434,0.551,0.014,767,332,422,10,
false,2020-11-06 14:31:38,99,2509298,0.434,0.551,0.014,12,5,6,0,
false,2020-11-06 15:10:38,99,2509329,0.434,0.551,0.014,31,13,17,0,
false,2020-11-06 15:31:39,99,2509407,0.434,0.551,0.014,78,33,42,1,
false,2020-11-06 15:37:39,99,2509692,0.434,0.551,0.014,285,123,157,3,
false,2020-11-06 15:47:38,99,2509738,0.434,0.551,0.014,46,19,25,0,
false,2020-11-06 15:54:38,99,2509909,0.434,0.551,0.014,171,74,94,2,
false,2020-11-06 15:55:24,99,2510182,0.434,0.551,0.014,273,118,150,3,
false,2020-11-06 16:18:39,99,2510315,0.434,0.551,0.014,133,57,73,1,
false,2020-11-06 16:27:38,99,2510997,0.434,0.551,0.014,682,295,375,9,
false,2020-11-06 16:36:38,99,2511000,0.434,0.551,0.014,3,1,1,0,
false,2020-11-06 16:53:40,99,2511062,0.434,0.551,0.014,62,26,34,0,
false,2020-11-06 16:55:38,99,2512266,0.434,0.551,0.014,1204,522,663,16,
false,2020-11-06 18:44:38,99,2512290,0.434,0.551,0.014,24,10,13,0,
false,2020-11-06 20:33:38,99,2515488,0.434,0.551,0.014,3198,1387,1762,44,
false,2020-11-07 11:58:40,99,2515926,0.434,0.551,0.014,438,190,241,6,
false,2020-11-09 11:41:40,99,2515928,0.434,0.551,0.014,2,0,1,0,
true,2020-11-09 14:56:50,99,2513809,0.434,0.551,0.014,-2119,-919,-1167,-29,Total -2119 votes
false,2020-11-10 10:06:51,99,2513824,0.434,0.551,0.014,15,6,8,0,
true,2020-11-11 10:55:18,99,2513329,0.434,0.551,0.014,-495,-214,-272,-6,Total -495 votes
