time,eevp,total,share:b,share:t,share:o,total:b,total:t,total:o,batch,batch:b,batch:t,batch:o,note
2020-11-03 21:03:34,1,3229,0.236,0.744,0.02,762,2402,64,3229,762,2402,64,
2020-11-03 21:04:03,3,11017,0.27,0.707,0.023,2974,7789,253,7788,2212,5386,188,
2020-11-03 21:06:03,3,13598,0.287,0.69,0.023,3902,9382,312,2581,928,1593,59,
2020-11-03 21:10:27,3,14211,0.284,0.693,0.023,4035,9848,326,613,133,465,14,
2020-11-03 21:11:27,4,15599,0.279,0.698,0.023,4352,10888,358,1388,316,1039,31,
2020-11-03 21:11:57,4,17400,0.297,0.68,0.022,5167,11832,382,1801,815,943,24,
2020-11-03 21:17:51,5,20790,0.295,0.681,0.024,6133,14157,498,3390,965,2325,116,
2020-11-03 21:22:45,8,33614,0.359,0.617,0.024,12067,20739,806,12824,5934,6581,307,
2020-11-03 21:27:43,9,36853,0.35,0.625,0.025,12898,23033,921,3239,831,2293,114,
2020-11-03 21:31:17,12,51399,0.348,0.626,0.026,17886,32175,1336,14546,4988,9142,415,
2020-11-03 21:36:21,13,53475,0.347,0.627,0.026,18555,33528,1390,2076,668,1353,53,
2020-11-03 21:36:27,15,63508,0.348,0.626,0.026,22100,39756,1651,10033,3544,6227,260,
2020-11-03 21:39:57,18,75090,0.363,0.612,0.025,27257,45955,1877,11582,5156,6199,226,
2020-11-03 21:42:17,18,75513,0.362,0.613,0.025,27335,46289,1887,423,78,334,10,
2020-11-03 21:42:27,19,77891,0.359,0.615,0.026,27962,47902,2025,2378,627,1613,137,
2020-11-03 21:42:59,19,79255,0.356,0.618,0.026,28214,48979,2060,1364,251,1076,35,
2020-11-03 21:47:15,19,80388,0.355,0.619,0.026,28537,49760,2090,1133,322,780,29,
2020-11-03 21:47:34,20,81459,0.356,0.618,0.026,28999,50341,2117,1071,461,581,27,
2020-11-03 21:49:17,20,82123,0.357,0.617,0.026,29317,50669,2135,664,318,328,17,
2020-11-03 21:51:42,20,82299,0.357,0.617,0.026,29380,50778,2139,176,62,108,4,
2020-11-03 21:51:45,20,82869,0.356,0.618,0.026,29501,51213,2154,570,120,434,14,
2020-11-03 21:53:28,21,88095,0.352,0.622,0.026,31009,54795,2290,5226,1508,3582,135,
2020-11-03 21:55:36,21,88846,0.351,0.623,0.026,31184,55351,2309,751,175,555,19,
2020-11-03 21:58:21,22,91752,0.35,0.624,0.026,32113,57253,2385,2906,928,1902,75,
2020-11-03 21:58:39,23,94211,0.348,0.626,0.026,32785,58976,2449,2459,672,1722,63,
2020-11-03 21:59:35,23,96069,0.346,0.627,0.027,33239,60235,2593,1858,454,1259,144,
2020-11-03 22:02:55,25,104501,0.34,0.634,0.026,35530,66253,2717,8432,2290,6018,123,
2020-11-03 22:06:58,25,104990,0.339,0.635,0.026,35591,66668,2729,489,61,415,12,
2020-11-03 22:07:43,27,110718,0.333,0.641,0.026,36869,70970,2878,5728,1277,4301,148,
2020-11-03 22:12:12,28,117908,0.33,0.645,0.024,38909,76050,2829,7190,2040,5080,-48,
2020-11-03 22:16:35,30,123860,0.324,0.65,0.026,40130,80509,3220,5952,1221,4458,390,
2020-11-03 22:17:27,30,125292,0.325,0.649,0.026,40719,81314,3257,1432,589,805,37,
2020-11-03 22:23:11,31,129133,0.323,0.651,0.026,41709,84065,3357,3841,990,2751,99,
2020-11-03 22:23:45,31,129682,0.323,0.651,0.026,41887,84422,3371,549,177,357,14,
2020-11-03 22:27:55,33,135681,0.321,0.653,0.026,43553,88599,3527,5999,1666,4176,155,
2020-11-03 22:32:40,33,138881,0.318,0.657,0.024,44164,91244,3333,3200,610,2645,-194,Other -194
2020-11-03 22:35:23,34,140222,0.318,0.656,0.026,44590,91985,3645,1341,426,740,312,
2020-11-03 22:35:51,34,142408,0.318,0.657,0.024,45285,93562,3417,2186,695,1576,-227,Other -227
2020-11-03 22:37:18,36,150295,0.314,0.66,0.026,47192,99194,3907,7887,1906,5632,489,
2020-11-03 22:42:59,37,154029,0.312,0.662,0.026,48057,101967,4004,3734,864,2772,97,
2020-11-03 22:46:23,37,154261,0.312,0.662,0.026,48129,102120,4010,232,72,153,6,
2020-11-03 22:50:32,39,160823,0.311,0.664,0.024,50015,106786,3859,6562,1886,4665,-151,
2020-11-03 22:53:02,40,164620,0.311,0.663,0.026,51196,109143,4280,3797,1180,2356,420,
2020-11-03 22:53:17,40,165911,0.311,0.663,0.026,51598,109998,4313,1291,401,855,33,
2020-11-03 22:54:28,40,167436,0.314,0.66,0.026,52574,110507,4353,1525,976,508,39,
2020-11-03 22:58:11,50,206273,0.333,0.641,0.026,68688,132220,5363,38837,16114,21713,1009,
2020-11-03 22:58:51,50,209103,0.332,0.642,0.026,69422,134244,5436,2830,733,2023,73,
2020-11-03 23:01:36,52,215042,0.33,0.644,0.026,70963,138487,5591,5939,1541,4242,154,
2020-11-03 23:08:28,53,219427,0.329,0.645,0.026,72191,141530,5705,4385,1227,3043,114,
2020-11-03 23:11:17,53,220707,0.329,0.645,0.026,72612,142356,5738,1280,421,825,33,
2020-11-03 23:12:23,58,241313,0.328,0.646,0.026,79150,155888,6274,20606,6538,13532,535,
2020-11-03 23:18:15,59,245094,0.328,0.646,0.026,80390,158330,6372,3781,1240,2442,98,
2020-11-03 23:22:24,59,245326,0.327,0.646,0.026,80221,158480,6378,232,-169,149,6,
2020-11-03 23:22:53,60,248856,0.327,0.646,0.026,81375,160760,6470,3530,1154,2280,91,
2020-11-03 23:26:41,62,255490,0.328,0.646,0.026,83800,165046,6642,6634,2424,4285,172,
2020-11-03 23:32:36,62,258546,0.328,0.646,0.026,84803,167020,6722,3056,1002,1974,79,
2020-11-03 23:38:46,64,266100,0.328,0.646,0.026,87280,171900,6918,7554,2477,4879,196,
2020-11-03 23:41:38,64,266100,0.33,0.643,0.026,87813,171102,6918,0,532,-798,0,Trump -798
2020-11-03 23:41:46,64,266374,0.33,0.644,0.026,87903,171544,6925,274,90,442,7,
2020-11-03 23:41:58,64,267088,0.331,0.643,0.026,88406,171737,6944,714,502,192,18,
2020-11-03 23:42:34,65,268352,0.33,0.643,0.026,88556,172550,6977,1264,150,812,32,
2020-11-03 23:43:11,66,274773,0.33,0.644,0.026,90675,176953,7144,6421,2118,4403,166,
2020-11-03 23:43:45,66,275372,0.329,0.645,0.026,90597,177614,7159,599,-77,661,15,
2020-11-03 23:46:34,67,279381,0.328,0.646,0.026,91636,180480,7263,4009,1039,2865,104,
2020-11-03 23:51:46,67,280076,0.328,0.646,0.026,91864,180929,7281,695,227,448,18,
2020-11-03 23:52:28,68,280574,0.329,0.645,0.026,92308,180970,7294,498,443,41,12,
2020-11-03 23:53:54,68,280685,0.329,0.645,0.026,92345,181041,7297,111,36,71,2,
2020-11-03 23:57:24,68,280987,0.329,0.645,0.026,92444,181236,7305,302,99,194,7,
2020-11-04 00:01:20,68,282445,0.328,0.646,0.026,92641,182459,7343,1458,197,1222,37,
2020-11-04 00:02:10,69,286999,0.325,0.649,0.026,93274,186262,7461,4554,632,3802,118,
2020-11-04 00:03:52,69,286999,0.327,0.648,0.024,93848,185975,6887,0,573,-286,-573,Other -573
2020-11-04 00:06:12,69,287123,0.327,0.648,0.024,93889,186055,6890,124,40,80,2,
2020-11-04 00:07:24,69,288244,0.326,0.648,0.026,93967,186782,7494,1121,78,726,603,
2020-11-04 00:11:11,70,288639,0.326,0.648,0.026,94096,187038,7504,395,128,255,10,
2020-11-04 00:14:30,70,291797,0.326,0.648,0.026,95125,189084,7586,3158,1029,2046,82,
2020-11-04 00:16:35,74,308729,0.328,0.646,0.026,101263,199438,8026,16932,6137,10354,440,
2020-11-04 00:23:00,76,314168,0.327,0.647,0.026,102732,203266,8168,5439,1469,3827,141,
2020-11-04 00:27:26,77,319563,0.328,0.646,0.026,104816,206437,8308,5395,2083,3171,140,
2020-11-04 00:31:56,78,325411,0.326,0.648,0.026,106083,210866,8460,5848,1267,4428,152,
2020-11-04 00:32:14,78,325502,0.326,0.648,0.026,106113,210925,8463,91,29,58,2,
2020-11-04 00:33:20,78,325507,0.326,0.648,0.026,106115,210928,8463,5,1,3,0,
2020-11-04 00:37:13,79,326400,0.326,0.648,0.026,106406,211507,8486,893,291,578,23,
2020-11-04 00:42:02,79,326994,0.326,0.647,0.026,106600,211565,8501,594,193,57,15,
2020-11-04 00:44:35,79,328931,0.326,0.647,0.026,107231,212818,8552,1937,631,1253,50,
2020-11-04 00:46:50,80,332808,0.328,0.646,0.026,109161,214993,8653,3877,1929,2175,100,
2020-11-04 00:48:04,81,334892,0.328,0.645,0.026,109844,216005,8707,2084,683,1011,54,
2020-11-04 00:51:48,81,335389,0.328,0.645,0.026,110007,216325,8720,497,163,320,12,
2020-11-04 00:56:57,81,335707,0.329,0.645,0.026,110447,216531,8728,318,440,205,8,
2020-11-04 01:01:47,82,339592,0.329,0.645,0.026,111725,219036,8829,3885,1278,2505,101,
2020-11-04 01:06:25,82,341785,0.329,0.644,0.026,112447,220109,8886,2193,721,1072,57,
2020-11-04 01:15:54,83,343443,0.33,0.644,0.026,113336,221177,8929,1658,888,1067,43,
2020-11-04 01:20:53,86,358631,0.331,0.642,0.026,118706,230241,9324,15188,5370,9063,394,
2020-11-04 01:30:53,87,360437,0.332,0.642,0.026,119665,231400,9371,1806,958,1159,46,
2020-11-04 01:35:52,89,369109,0.333,0.641,0.026,122913,236598,9596,8672,3248,5198,225,
2020-11-04 01:50:50,90,373345,0.332,0.641,0.026,123950,239314,9706,4236,1037,2715,110,
2020-11-04 01:55:53,90,373491,0.332,0.641,0.026,123999,239407,9710,146,48,93,3,
2020-11-04 02:01:50,90,375204,0.331,0.642,0.026,124192,240880,9755,1713,193,1473,44,
2020-11-04 02:05:52,91,377001,0.332,0.641,0.026,125164,241657,9802,1797,971,776,46,
2020-11-04 02:10:04,91,377061,0.332,0.641,0.026,125184,241696,9803,60,19,38,1,
2020-11-04 02:11:50,91,377224,0.332,0.641,0.026,125238,241800,9807,163,54,104,4,
2020-11-04 02:15:15,91,377747,0.333,0.64,0.026,125789,241758,9821,523,551,-42,13,
2020-11-04 02:21:49,91,378160,0.333,0.64,0.026,125927,242022,9832,413,137,264,10,
2020-11-04 02:25:50,91,378979,0.333,0.64,0.026,126200,242546,9853,819,272,524,21,
2020-11-04 02:45:50,92,379779,0.333,0.64,0.026,126466,243058,9874,800,266,512,20,
2020-11-04 02:56:50,92,381097,0.333,0.641,0.026,126905,244283,9908,1318,438,1224,34,
2020-11-04 03:20:53,92,381611,0.333,0.64,0.026,127076,244231,9921,514,171,-52,13,
2020-11-04 10:15:51,92,381614,0.333,0.64,0.026,127077,244232,9921,3,0,1,0,
2020-11-04 10:20:52,92,381616,0.333,0.64,0.026,127078,244234,9922,2,0,1,0,
2020-11-04 10:30:53,92,381617,0.333,0.64,0.026,127078,244234,9922,1,0,0,0,
2020-11-04 10:36:22,92,381618,0.333,0.64,0.026,127078,244235,9922,1,0,0,0,
2020-11-04 10:45:50,92,381619,0.333,0.64,0.026,127079,244236,9922,1,0,0,0,
2020-11-04 10:55:51,92,381621,0.333,0.64,0.026,127079,244237,9922,2,0,1,0,
2020-11-04 11:01:18,92,381623,0.333,0.64,0.026,127080,244238,9922,2,0,1,0,
2020-11-04 11:11:52,92,381625,0.333,0.64,0.026,127081,244240,9922,2,0,1,0,
2020-11-04 11:20:51,92,381627,0.333,0.64,0.026,127081,244241,9922,2,0,1,0,
2020-11-04 12:05:55,92,381628,0.333,0.64,0.026,127082,244241,9922,1,0,0,0,
2020-11-04 12:11:52,92,381629,0.333,0.64,0.026,127082,244242,9922,1,0,0,0,
2020-11-04 12:45:58,92,381630,0.333,0.64,0.026,127082,244243,9922,1,0,0,0,
2020-11-04 13:05:53,92,381632,0.333,0.64,0.026,127083,244244,9922,2,0,1,0,
2020-11-04 13:11:52,92,381633,0.333,0.64,0.026,127083,244245,9922,1,0,0,0,
2020-11-04 13:40:57,92,381638,0.333,0.64,0.026,127085,244248,9922,5,1,3,0,
2020-11-04 15:45:52,92,381639,0.333,0.64,0.026,127085,244248,9922,1,0,0,0,
2020-11-04 16:11:53,92,381646,0.333,0.64,0.026,127088,244253,9922,7,2,4,0,
2020-11-04 16:35:51,92,381647,0.333,0.64,0.026,127088,244254,9922,1,0,0,0,
2020-11-04 16:45:52,92,381648,0.333,0.64,0.026,127088,244254,9922,1,0,0,0,
2020-11-04 16:51:16,92,381650,0.333,0.64,0.026,127089,244256,9922,2,0,1,0,
2020-11-04 16:55:52,92,381652,0.333,0.64,0.026,127090,244257,9922,2,0,1,0,
2020-11-04 18:05:52,92,381653,0.333,0.64,0.026,127090,244257,9922,1,0,0,0,
2020-11-04 18:45:56,99,422227,0.357,0.617,0.026,150735,260514,10977,40574,23644,16256,1054,
2020-11-04 18:51:50,99,422641,0.357,0.616,0.027,150882,260346,11411,414,147,-167,433,
2020-11-05 09:31:18,99,422642,0.357,0.616,0.027,150883,260347,11411,1,0,0,0,
2020-11-05 09:35:45,99,422645,0.357,0.616,0.027,150884,260349,11411,3,1,1,0,
2020-11-05 10:01:08,99,422646,0.356,0.618,0.026,150461,261195,10988,1,-422,845,-422,
2020-11-05 10:01:46,99,422649,0.356,0.618,0.026,150463,261197,10988,3,1,1,0,
2020-11-05 10:21:10,99,422654,0.356,0.618,0.026,150464,261200,10989,5,1,3,0,
2020-11-05 10:25:45,99,422656,0.356,0.618,0.026,150465,261201,10989,2,0,1,0,
2020-11-05 10:31:12,99,422657,0.356,0.618,0.026,150465,261202,10989,1,0,0,0,
2020-11-05 10:35:45,99,422659,0.356,0.618,0.026,150466,261203,10989,2,0,1,0,
2020-11-05 10:45:49,99,422660,0.356,0.618,0.026,150466,261203,10989,1,0,0,0,
2020-11-05 11:55:45,99,422661,0.356,0.618,0.026,150467,261204,10989,1,0,0,0,
2020-11-05 12:35:45,99,422662,0.356,0.618,0.026,150467,261205,10989,1,0,0,0,
2020-11-05 12:51:46,99,422665,0.356,0.618,0.026,150468,261206,10989,3,1,1,0,
2020-11-05 13:41:49,99,422667,0.356,0.618,0.026,150469,261208,10989,2,0,1,0,
2020-11-05 14:25:42,99,422668,0.356,0.618,0.026,150469,261208,10989,1,0,0,0,
2020-11-05 17:25:42,99,422673,0.356,0.618,0.026,150471,261211,10989,5,1,3,0,
2020-11-06 16:10:40,99,422677,0.356,0.618,0.026,150473,261214,10989,4,1,2,0,
2020-11-06 16:20:38,99,422678,0.356,0.618,0.026,150473,261215,10989,1,0,0,0,
2020-11-10 09:32:18,99,422677,0.356,0.618,0.026,150473,261214,10989,-1,0,0,0,Total -1
2020-11-11 16:47:48,99,422618,0.356,0.618,0.026,150452,261177,10988,-59,-21,-36,-1,Total -59
2020-11-11 16:48:36,99,422609,0.356,0.618,0.026,150448,261172,10987,-9,-3,-5,0,Total -9
2020-11-11 21:54:29,99,417807,0.358,0.616,0.026,149574,257369,10862,-4802,-873,-3803,-124,"Total -4802, Biden -873, Trump -3803"
2020-11-11 21:59:04,99,422609,0.356,0.618,0.026,150448,261172,10987,4802,873,3803,124,
